5435 2288 2168 5345 2259 5321 2167 2255 5341 2192 5390 2147 2156 5533
5444 2253 2231 5279 2215 5466 2246 2217 5201 2255 5319 2242 2241 5388
5559 2162 2230 5379 2197 5410 2192 2112 5441 2193 5416 2198 2204 5304
5369 2228 2172 5431 2181 5465 2227 2237 5282 2173 5417 2186 2231 5398
5337 2214 2248 5400 2238 5446 2238 2236 5337 2181 5313 2190 2302 5317
5354 2246 2204 5350 2229 5383 2264 2212 5257 2193 5383 2234 2265 5423
5554 2120 2131 5438 2200 5372 2226 2171 5428 2135 5398 2163 2215 5446
5482 2284 2262 5425 2236 5318 2202 2240 5349 2205 5453 2063 2217 5261
5472 2217 2269 5332 2211 5545 2167 2180 5381 2200 5389 2183 2146 5305
5494 2169 2158 5470 2088 5396 2168 2179 5375 2219 5479 2138 2149 5515
5407 2275 2235 5358 2187 5372 2185 2194 5477 2172 5476 2258 2148 5253
5568 2130 2168 5462 2159 5307 2224 2171 5397 2181 5437 2129 2208 5456
5439 2115 2220 5449 2256 5423 2185 2166 5465 2182 5409 2191 2174 5323
5405 2173 2120 5495 2186 5497 2133 2193 5439 2134 5434 2171 2174 5443
5208 2196 2205 5493 2066 5340 2216 2173 5417 2155 5432 2227 2299 5570
5370 2220 2190 5407 2169 5457 2168 2238 5379 2167 5373 2230 2184 5445
5313 2191 2205 5340 2209 5472 2242 2164 5519 2165 5411 2165 2198 5403
5382 2229 2195 5486 2158 5426 2115 2262 5384 2168 5403 2213 2165 5411
5490 2223 2238 5339 2220 5282 2166 2151 5351 2189 5435 2249 2142 5522
5489 2206 2214 5406 2196 5396 2146 2309 5328 2192 5335 2208 2113 5459
5442 2203 2186 5350 2231 5333 2201 2205 5521 2243 5417 2235 2132 5298
5544 2240 2112 5390 2253 5393 2133 2184 5358 2162 5423 2169 2156 5480
5460 2176 2173 5478 2227 5413 2181 2148 5419 2089 5483 2203 2203 5344
5589 2262 2243 5324 2216 5419 2214 2255 5358 2127 5351 2164 2195 5280
5214 2214 2235 5482 2147 5423 2105 2200 5411 2136 5416 2278 2185 5551
5407 2172 2222 5473 2205 5369 2206 2206 5322 2174 5476 2139 2170 5456
5402 2082 2204 5559 2210 5513 2150 2232 5371 2139 5339 2240 2221 5335
5316 2179 2064 5440 2237 5356 2213 2189 5488 2304 5442 2183 2201 5385
5447 2230 2203 5434 2187 5349 2194 2205 5392 2265 5431 2158 2222 5280
5654 2202 2209 5332 2220 5506 2180 2157 5305 2069 5410 2180 2148 5425
5427 2154 2199 5355 2177 5505 2215 2055 5335 2187 5436 2234 2234 5484
5290 2137 2214 5452 2212 5420 2167 2276 5424 2134 5278 2228 2202 5563
5358 2237 2164 5446 2165 5278 2203 2294 5420 2198 5374 2243 2218 5399
5357 2233 2216 5379 2159 5317 2243 2222 5323 2249 5411 2176 2222 5490
5388 2141 2212 5405 2238 5445 2156 2132 5543 2173 5445 2178 2126 5415
5425 2123 2143 5429 2275 5565 2174 2137 5477 2190 5403 2105 2186 5365
5413 2186 2176 5422 2175 5505 2158 2155 5362 2198 5451 2219 2159 5418
5185 2156 2232 5425 2146 5437 2238 2197 5465 2249 5390 2208 2231 5438
5278 2221 2096 5510 2150 5316 2269 2259 5528 2128 5493 2225 2248 5276
5446 2149 2165 5465 2161 5389 2210 2186 5392 2190 5417 2159 2220 5448
