5422 2170 2132 5464 2140 5400 2202 2199 5329 2179 5415 2167 2222 5556
5362 2255 2112 5404 2234 5482 2168 2254 5382 2152 5348 2141 2225 5478
5544 2283 2219 5350 2155 5406 2080 2197 5414 2155 5424 2192 2092 5486
5516 2148 2133 5423 2117 5345 2176 2166 5516 2255 5352 2220 2228 5402
5499 2184 2190 5420 2191 5341 2203 2189 5361 2163 5399 2173 2219 5465
5351 2150 2199 5372 2167 5434 2227 2152 5373 2218 5336 2151 2260 5607
5394 2107 2195 5453 2194 5407 2163 2136 5371 2113 5409 2225 2178 5652
5568 2162 2151 5366 2208 5423 2248 2179 5333 2133 5415 2200 2183 5428
5198 2222 2189 5430 2173 5496 2130 2201 5512 2234 5463 2237 2118 5394
5479 2093 2203 5416 2139 5324 2232 2150 5494 2295 5425 2140 2167 5440
5525 2281 2149 5356 2216 5297 2143 2251 5431 2184 5324 2236 2204 5400
5448 2266 2179 5371 2165 5301 2207 2203 5385 2198 5413 2158 2229 5474
5383 2207 2257 5431 2169 5432 2217 2231 5380 2189 5393 2216 2232 5260
5381 2124 2176 5373 2232 5391 2240 2155 5413 2196 5406 2327 2176 5407
5562 2196 2169 5329 2151 5512 2210 2100 5442 2192 5471 2126 2163 5374
5392 2218 2169 5382 2144 5555 2190 2142 5379 2198 5480 2186 2169 5393
5492 2183 2165 5410 2132 5305 2171 2187 5550 2156 5372 2252 2205 5417
5371 2193 2192 5378 2222 5399 2190 2230 5426 2227 5307 2287 2224 5351
5432 2117 2083 5392 2173 5326 2300 2212 5352 2220 5324 2290 2273 5503
5394 2186 2218 5412 2231 5305 2228 2212 5335 2188 5404 2189 2211 5484
5224 2121 2131 5437 2160 5413 2207 2128 5541 2257 5403 2230 2233 5512
5328 2168 2176 5459 2211 5435 2187 2230 5362 2187 5384 2143 2199 5528
5400 2181 2161 5400 2242 5366 2195 2166 5362 2211 5413 2216 2196 5488
5306 2256 2062 5418 2200 5323 2195 2256 5446 2171 5421 2287 2191 5465
5451 2151 2099 5504 2207 5488 2144 2194 5450 2175 5495 2214 2110 5315
5327 2272 2282 5317 2214 5318 2294 2211 5273 2157 5468 2188 2204 5472
5341 2221 2163 5347 2172 5430 2233 2169 5363 2210 5393 2180 2240 5535
5448 2241 2258 5454 2229 5430 2158 2207 5366 2113 5425 2171 2221 5276
5392 2154 2222 5338 2219 5496 2259 2154 5380 2217 5431 2184 2166 5385
5383 2263 2190 5370 2147 5413 2230 2203 5256 2193 5443 2227 2216 5463
5491 2223 2274 5346 2234 5292 2161 2180 5575 2135 5376 2283 2173 5254
5262 2186 2217 5415 2205 5398 2242 2215 5388 2216 5487 2206 2141 5419
5384 2165 2168 5434 2266 5434 2171 2206 5471 2183 5338 2197 2227 5353
5265 2193 2204 5435 2236 5548 2114 2200 5411 2204 5391 2205 2152 5439
5454 2208 2199 5418 2188 5393 2231 2218 5288 2235 5468 2194 2171 5332
5280 2112 2146 5501 2196 5382 2164 2192 5405 2207 5387 2279 2198 5548
5419 2182 2220 5394 2250 5377 2206 2195 5362 2265 5397 2187 2189 5354
5399 2248 2163 5443 2169 5303 2127 2207 5447 2179 5416 2191 2195 5510
5298 2179 2206 5489 2298 5488 2136 2201 5313 2122 5421 2244 2183 5419
5302 2256 2157 5440 2194 5396 2173 2224 5393 2135 5418 2124 2226 5559
