5434 2241 2147 5410 2149 5410 2200 2201 5382 2176 5377 2166 2272 5432
5364 2126 2188 5543 2207 5494 2166 2222 5403 2172 5435 2149 2179 5349
5306 2225 2221 5315 2180 5384 2155 2178 5526 2159 5399 2200 2118 5631
5539 2270 2224 5374 2198 5266 2174 2203 5318 2205 5424 2227 2192 5383
5467 2160 2153 5466 2213 5331 2145 2172 5428 2136 5379 2185 2221 5541
5307 2229 2131 5358 2173 5360 2213 2235 5560 2208 5416 2283 2148 5376
5412 2243 2285 5366 2183 5435 2243 2205 5348 2211 5507 2158 2140 5261
5366 2184 2246 5483 2211 5428 2154 2220 5389 2166 5449 2181 2152 5368
5402 2197 2239 5377 2137 5239 2209 2160 5504 2211 5446 2246 2176 5454
5265 2113 2138 5408 2149 5429 2269 2143 5399 2292 5404 2328 2243 5417
5246 2165 2135 5424 2143 5314 2257 2078 5552 2235 5533 2223 2236 5456
5391 2241 2246 5356 2196 5340 2178 2177 5477 2161 5446 2181 2152 5455
5375 2217 2222 5338 2216 5377 2161 2163 5578 2272 5390 2158 2164 5366
5549 2252 2215 5277 2197 5340 2150 2162 5433 2204 5384 2169 2134 5531
5379 2287 2190 5274 2205 5459 2148 2190 5416 2258 5356 2205 2163 5467
5353 2146 2147 5487 2188 5389 2210 2228 5391 2184 5498 2196 2117 5463
5432 2110 2242 5405 2240 5340 2225 2193 5374 2159 5359 2183 2188 5547
5452 2212 2159 5273 2252 5273 2275 2170 5475 2227 5404 2275 2186 5364
5375 2249 2208 5404 2207 5459 2161 2186 5379 2186 5475 2140 2153 5415
5390 2233 2309 5453 2152 5399 2122 2245 5498 2115 5419 2122 2143 5397
5359 2142 2108 5466 2154 5415 2232 2222 5458 2174 5388 2278 2231 5370
5417 2184 2167 5345 2188 5366 2238 2084 5440 2236 5405 2263 2278 5386
5295 2222 2228 5412 2160 5428 2243 2227 5362 2179 5399 2223 2251 5368
5430 2228 2131 5279 2231 5358 2288 2131 5320 2202 5417 2223 2248 5511
5480 2067 2203 5476 2221 5331 2209 2144 5365 2224 5340 2219 2269 5449
5366 2253 2204 5309 2200 5367 2188 2121 5465 2203 5455 2252 2174 5440
5262 2273 2215 5431 2226 5414 2100 2178 5442 2243 5463 2192 2163 5395
5477 2184 2168 5384 2199 5344 2188 2176 5409 2170 5323 2188 2256 5531
5456 2139 2216 5454 2242 5519 2236 2253 5243 2184 5375 2146 2202 5332
5559 2139 2244 5491 2179 5407 2156 2250 5417 2185 5321 2151 2214 5284
5437 2201 2175 5443 2139 5530 2216 2301 5302 2187 5372 2135 2186 5373
5337 2102 2187 5414 2204 5479 2224 2171 5506 2238 5375 2157 2193 5410
5339 2234 2222 5424 2171 5455 2230 2152 5317 2173 5520 2174 2216 5370
5292 2216 2140 5480 2163 5315 2241 2218 5327 2190 5442 2208 2278 5487
5373 2187 2202 5431 2216 5289 2083 2180 5495 2254 5293 2328 2227 5439
5571 2190 2234 5386 2219 5408 2224 2225 5259 2141 5433 2219 2142 5346
5215 2199 2143 5423 2149 5429 2206 2180 5435 2189 5471 2188 2176 5594
5395 2114 2233 5486 2239 5510 2160 2141 5490 2162 5489 2239 2131 5208
5418 2151 2190 5377 2211 5460 2194 2145 5501 2236 5386 2145 2191 5392
5404 2223 2083 5367 2217 5400 2203 2189 5251 2259 5348 2272 2256 5525
