5506 2187 2117 5358 2220 5356 2278 2212 5422 2182 5372 2249 2239 5299
5480 2229 2158 5431 2228 5591 2141 2176 5296 2114 5454 2153 2171 5375
5445 2220 2196 5357 2164 5349 2244 2157 5425 2191 5477 2273 2187 5312
5458 2235 2249 5344 2250 5373 2188 2217 5420 2152 5377 2150 2172 5412
5310 2195 2147 5436 2127 5355 2220 2175 5283 2210 5460 2225 2216 5638
5288 2157 2202 5408 2208 5452 2272 2222 5349 2271 5421 2175 2195 5377
5435 2207 2204 5365 2153 5316 2232 2185 5414 2250 5425 2210 2195 5406
5544 2126 2098 5458 2200 5435 2146 2162 5466 2154 5346 2278 2222 5362
5393 2180 2223 5368 2153 5540 2250 2105 5396 2192 5422 2186 2271 5318
5494 2203 2270 5397 2148 5373 2183 2218 5454 2182 5327 2244 2238 5266
5443 2209 2190 5335 2248 5359 2235 2152 5446 2184 5358 2168 2269 5401
5500 2203 2205 5401 2114 5472 2180 2264 5342 2202 5334 2191 2186 5403
5416 2200 2219 5354 2206 5375 2217 2206 5456 2183 5430 2133 2135 5467
5355 2167 2193 5433 2150 5449 2229 2125 5395 2109 5417 2192 2288 5495
5261 2223 2212 5362 2191 5473 2225 2173 5357 2255 5448 2235 2188 5394
5391 2211 2162 5442 2215 5461 2135 2240 5407 2175 5368 2244 2180 5366
5235 2207 2244 5369 2202 5249 2231 2212 5453 2211 5415 2177 2180 5612
5508 2180 2245 5402 2164 5240 2239 2137 5323 2249 5370 2191 2315 5434
5403 2212 2138 5310 2224 5251 2238 2212 5402 2286 5355 2225 2192 5549
5438 2173 2147 5470 2139 5451 2112 2223 5486 2166 5335 2207 2197 5453
5269 2283 2190 5488 2224 5509 2140 2244 5323 2207 5374 2194 2292 5260
5372 2273 2264 5285 2182 5296 2272 2178 5413 2167 5535 2068 2116 5576
5466 2238 2188 5385 2128 5267 2179 2186 5441 2213 5438 2194 2178 5496
5458 2211 2186 5405 2154 5355 2202 2215 5440 2207 5391 2210 2212 5351
5424 2206 2188 5461 2142 5326 2132 2203 5463 2120 5391 2230 2205 5506
5436 2205 2239 5345 2171 5470 2172 2128 5457 2247 5399 2168 2194 5366
5413 2187 2266 5420 2190 5458 2120 2128 5399 2162 5427 2169 2172 5486
5399 2191 2168 5348 2182 5484 2181 2147 5433 2265 5401 2173 2172 5453
5366 2237 2164 5428 2257 5273 2129 2276 5381 2151 5316 2192 2202 5625
5163 2272 2239 5329 2196 5301 2159 2207 5475 2201 5426 2252 2127 5650
5476 2087 2256 5507 2178 5404 2233 2161 5436 2163 5483 2185 2183 5245
5415 2099 2158 5411 2163 5335 2217 2123 5490 2245 5383 2231 2222 5505
5412 2250 2169 5407 2149 5348 2190 2174 5376 2192 5427 2240 2246 5417
5354 2183 2147 5347 2202 5444 2247 2149 5354 2175 5473 2192 2155 5575
5397 2298 2193 5412 2202 5357 2133 2237 5458 2218 5437 2207 2169 5279
5415 2248 2139 5429 2151 5387 2200 2185 5454 2187 5460 2163 2232 5347
5367 2187 2194 5421 2157 5503 2212 2127 5345 2186 5453 2210 2240 5395
5463 2183 2222 5413 2132 5315 2159 2152 5476 2208 5432 2222 2172 5448
5345 2167 2205 5395 2168 5328 2207 2166 5460 2181 5459 2188 2144 5584
5485 2092 2228 5412 2246 5554 2221 2206 5287 2165 5312 2258 2208 5323
