5372 2165 2202 5391 2203 5378 2240 2117 5408 2214 5420 2237 2260 5390
5433 2203 2204 5346 2216 5349 2177 2190 5385 2219 5348 2268 2187 5472
5535 2178 2177 5412 2115 5408 2217 2202 5509 2156 5422 2216 2184 5266
5508 2252 2169 5330 2179 5420 2247 2158 5288 2275 5455 2099 2216 5401
5256 2211 2276 5278 2239 5457 2235 2215 5469 2239 5337 2188 2172 5425
5337 2224 2240 5247 2159 5385 2253 2137 5468 2206 5349 2218 2237 5537
5404 2149 2191 5471 2203 5392 2184 2292 5380 2162 5308 2161 2203 5497
5291 2155 2206 5416 2140 5402 2240 2186 5413 2209 5421 2265 2204 5449
5385 2151 2226 5425 2217 5508 2175 2176 5357 2250 5426 2181 2149 5371
5406 2147 2195 5366 2212 5458 2250 2179 5431 2116 5344 2261 2239 5393
5274 2195 2201 5399 2276 5418 2210 2188 5427 2200 5384 2177 2231 5417
5440 2200 2190 5385 2183 5472 2179 2189 5234 2200 5412 2098 2164 5651
5315 2145 2128 5401 2189 5486 2199 2189 5451 2217 5380 2217 2176 5504
5474 2198 2203 5381 2186 5319 2182 2228 5404 2187 5307 2294 2227 5407
5507 2276 2129 5255 2164 5194 2247 2187 5449 2230 5348 2203 2243 5565
5508 2141 2240 5449 2189 5575 2124 2157 5436 2046 5415 2111 2142 5464
5443 2184 2132 5465 2148 5349 2159 2216 5495 2173 5441 2109 2151 5532
5458 2201 2219 5474 2228 5314 2149 2258 5518 2167 5345 2243 2222 5201
5448 2142 2079 5435 2116 5476 2204 2154 5585 2194 5473 2147 2153 5391
5360 2205 2186 5333 2223 5506 2210 2184 5428 2194 5387 2158 2177 5446
5508 2190 2190 5336 2150 5263 2252 2225 5420 2212 5371 2276 2182 5422
5513 2167 2256 5361 2186 5391 2208 2137 5387 2138 5397 2271 2202 5383
5553 2195 2148 5379 2170 5398 2217 2180 5351 2159 5438 2216 2173 5420
5438 2166 2132 5416 2170 5342 2237 2204 5456 2194 5395 2196 2219 5432
5507 2138 2153 5417 2152 5356 2195 2151 5487 2186 5398 2215 2201 5441
5380 2080 2206 5489 2166 5329 2263 2253 5537 2154 5452 2156 2126 5406
5428 2164 2127 5408 2160 5401 2228 2147 5448 2250 5447 2135 2205 5449
5337 2178 2221 5446 2181 5344 2194 2249 5428 2141 5374 2225 2195 5484
5349 2254 2211 5378 2162 5380 2260 2201 5465 2130 5408 2292 2282 5225
5378 2264 2130 5436 2206 5314 2189 2240 5365 2198 5351 2223 2298 5405
5352 2141 2219 5379 2205 5476 2252 2169 5422 2246 5399 2162 2205 5370
5401 2242 2147 5329 2199 5351 2236 2176 5417 2171 5468 2222 2162 5476
5384 2211 2320 5382 2268 5458 2210 2161 5347 2192 5411 2190 2231 5232
5527 2241 2177 5374 2153 5306 2147 2134 5367 2230 5447 2196 2180 5518
5598 2260 2203 5455 2168 5386 2083 2194 5295 2179 5411 2223 2193 5349
5505 2177 2251 5404 2186 5494 2169 2193 5344 2199 5395 2144 2162 5374
5464 2177 2229 5383 2266 5479 2166 2129 5312 2138 5368 2143 2229 5514
5463 2177 2344 5383 2198 5397 2179 2160 5362 2201 5397 2123 2182 5431
5312 2195 2186 5354 2189 5425 2246 2161 5486 2201 5425 2200 2208 5409
5554 2184 2242 5357 2223 5511 2163 2181 5450 2245 5368 2236 2155 5128
