5490 2173 2068 5425 2185 5363 2144 2126 5486 2242 5490 2123 2126 5556
5521 2212 2137 5374 2150 5381 2163 2247 5519 2229 5415 2142 2086 5421
5503 2212 2200 5489 2215 5332 2170 2200 5343 2118 5452 2116 2218 5429
5453 2172 2173 5455 2222 5331 2186 2218 5412 2121 5322 2157 2272 5503
5325 2159 2192 5436 2252 5431 2252 2215 5355 2197 5403 2227 2228 5325
5538 2158 2187 5431 2186 5401 2216 2215 5362 2126 5320 2173 2269 5415
5400 2147 2151 5400 2112 5408 2274 2218 5471 2227 5325 2251 2277 5336
5412 2180 2198 5403 2171 5355 2223 2191 5450 2216 5441 2085 2174 5498
5337 2222 2184 5406 2167 5391 2173 2192 5444 2118 5503 2219 2107 5534
5475 2190 2238 5350 2188 5397 2247 2136 5277 2169 5471 2245 2180 5434
5423 2140 2170 5387 2177 5385 2218 2211 5575 2178 5385 2230 2148 5370
5412 2182 2150 5445 2223 5434 2163 2146 5448 2199 5447 2191 2197 5360
5517 2177 2174 5402 2210 5402 2188 2203 5285 2172 5304 2243 2259 5461
5343 2213 2247 5256 2238 5441 2229 2136 5431 2260 5356 2140 2206 5501
5126 2251 2192 5351 2122 5364 2221 2219 5463 2319 5454 2241 2150 5524
5251 2203 2144 5413 2166 5414 2173 2184 5515 2199 5324 2280 2282 5449
5386 2190 2189 5506 2172 5414 2164 2241 5398 2263 5472 2203 2147 5252
5468 2217 2174 5476 2129 5359 2176 2204 5276 2196 5482 2231 2183 5426
5590 2188 2224 5312 2261 5401 2169 2140 5355 2241 5404 2132 2125 5455
5364 2229 2189 5350 2147 5449 2168 2156 5469 2111 5401 2289 2189 5486
5354 2219 2178 5456 2226 5317 2240 2240 5305 2170 5436 2164 2239 5453
5496 2190 2236 5413 2144 5389 2125 2170 5423 2138 5431 2161 2126 5555
5427 2196 2151 5425 2094 5310 2162 2219 5480 2272 5398 2282 2167 5414
5327 2229 2298 5419 2149 5239 2235 2210 5396 2220 5415 2204 2259 5397
5410 2257 2255 5414 2146 5252 2134 2243 5436 2197 5404 2197 2157 5495
5346 2259 2205 5369 2184 5347 2099 2176 5369 2222 5311 2241 2240 5629
5553 2273 2180 5430 2184 5377 2130 2215 5394 2190 5436 2174 2182 5279
5359 2177 2125 5412 2172 5288 2259 2281 5328 2260 5310 2226 2258 5542
5456 2180 2191 5503 2204 5355 2167 2182 5329 2234 5486 2181 2182 5347
5414 2209 2189 5355 2174 5366 2218 2134 5450 2197 5420 2179 2229 5463
5386 2179 2196 5453 2173 5290 2237 2172 5419 2257 5521 2219 2177 5318
5494 2174 2223 5407 2272 5507 2147 2115 5274 2278 5404 2206 2209 5287
5539 2202 2095 5406 2135 5242 2236 2202 5432 2177 5445 2215 2197 5474
5429 2215 2223 5416 2178 5390 2133 2126 5410 2175 5429 2195 2209 5469
5318 2255 2211 5362 2234 5342 2246 2249 5318 2194 5414 2179 2200 5475
5426 2238 2265 5458 2115 5417 2189 2294 5392 2207 5475 2127 2116 5278
5514 2159 2269 5394 2224 5503 2209 2222 5278 2209 5334 2180 2205 5297
5598 2229 2247 5373 2224 5585 2211 2197 5290 2123 5446 2123 2169 5182
5417 2253 2174 5323 2326 5499 2243 2264 5325 2134 5377 2180 2177 5305
5349 2098 2186 5499 2113 5520 2199 2162 5425 2180 5377 2300 2256 5333
