5468 2164 2204 5410 2126 5357 2205 2144 5462 2238 5370 2181 2265 5403
5497 2152 2145 5395 2162 5331 2207 2153 5420 2195 5378 2233 2223 5506
5329 2154 2219 5430 2205 5402 2210 2216 5346 2239 5400 2198 2179 5470
5379 2199 2167 5441 2161 5279 2155 2182 5446 2222 5337 2225 2275 5529
5391 2170 2219 5487 2144 5418 2166 2158 5469 2155 5496 2198 2169 5357
5454 2280 2261 5395 2176 5579 2117 2268 5420 2153 5339 2110 2186 5259
5532 2167 2192 5422 2193 5382 2241 2235 5376 2149 5381 2181 2214 5332
5296 2108 2209 5499 2156 5431 2193 2123 5455 2203 5431 2206 2247 5440
5357 2197 2206 5364 2285 5343 2266 2200 5336 2250 5388 2208 2239 5358
5384 2327 2166 5409 2191 5456 2111 2199 5470 2191 5462 2161 2186 5284
5292 2185 2210 5445 2168 5453 2194 2254 5479 2184 5452 2194 2118 5369
5499 2183 2175 5413 2109 5364 2234 2194 5284 2200 5463 2159 2174 5546
5613 2251 2183 5398 2185 5371 2139 2237 5427 2161 5428 2118 2123 5363
5355 2216 2235 5373 2229 5481 2187 2203 5373 2226 5388 2160 2185 5386
5547 2220 2191 5370 2201 5460 2249 2124 5257 2185 5469 2180 2247 5297
5488 2215 2201 5299 2174 5470 2312 2171 5423 2255 5543 2106 2112 5228
5476 2125 2195 5460 2191 5446 2162 2149 5415 2138 5407 2240 2192 5401
5485 2159 2151 5354 2154 5310 2201 2139 5527 2262 5435 2203 2140 5477
5394 2169 2194 5442 2229 5403 2181 2160 5381 2186 5407 2149 2224 5478
5458 2258 2161 5362 2207 5350 2200 2254 5311 2233 5368 2174 2197 5464
5269 2106 2083 5452 2180 5385 2171 2182 5555 2215 5322 2251 2224 5602
5316 2275 2209 5393 2222 5462 2217 2218 5341 2072 5557 2227 2109 5379
5515 2153 2205 5415 2180 5327 2206 2184 5454 2191 5409 2183 2182 5393
5456 2153 2180 5436 2116 5439 2185 2095 5515 2207 5394 2225 2284 5312
5599 2177 2157 5446 2106 5319 2210 2147 5433 2176 5459 2173 2226 5369
5439 2230 2146 5272 2230 5428 2248 2166 5361 2138 5434 2090 2150 5665
5337 2219 2142 5490 2168 5417 2173 2200 5422 2157 5437 2195 2246 5394
5341 2133 2174 5419 2184 5298 2249 2149 5528 2173 5404 2302 2248 5395
5311 2188 2256 5331 2156 5251 2263 2163 5404 2163 5457 2234 2162 5658
5479 2186 2135 5421 2141 5471 2202 2259 5376 2133 5387 2239 2163 5405
5373 2166 2236 5386 2256 5485 2186 2157 5371 2240 5409 2176 2172 5384
5469 2141 2192 5478 2209 5486 2161 2278 5449 2151 5292 2159 2210 5322
5513 2211 2243 5422 2195 5564 2143 2179 5290 2180 5400 2234 2196 5227
5372 2217 2167 5417 2154 5366 2164 2186 5515 2115 5328 2269 2283 5444
5393 2222 2198 5356 2248 5334 2179 2176 5393 2235 5443 2230 2138 5452
5415 2146 2218 5336 2183 5320 2210 2135 5530 2169 5342 2218 2215 5560
5329 2211 2134 5354 2295 5440 2208 2267 5402 2252 5373 2137 2133 5462
5334 2180 2211 5364 2205 5411 2209 2122 5473 2216 5420 2240 2211 5401
5478 2229 2154 5497 2126 5450 2151 2193 5452 2256 5499 2171 2185 5156
5389 2176 2174 5527 2179 5517 2175 2216 5345 2214 5387 2203 2274 5221
