5441 2234 2135 5415 2164 5368 2110 2167 5464 2233 5350 2202 2241 5473
5398 2178 2178 5397 2164 5328 2168 2207 5431 2227 5332 2262 2205 5522
5319 2160 2176 5434 2192 5440 2222 2184 5414 2146 5403 2212 2229 5466
5394 2158 2182 5443 2219 5513 2198 2141 5285 2131 5452 2159 2207 5515
5317 2193 2211 5363 2236 5378 2204 2212 5460 2238 5420 2166 2128 5471
5418 2197 2189 5414 2322 5445 2117 2276 5289 2230 5281 2224 2171 5424
5405 2151 2176 5443 2199 5435 2196 2185 5473 2215 5412 2176 2194 5337
5444 2148 2238 5367 2199 5431 2238 2150 5353 2207 5356 2245 2247 5374
5392 2191 2208 5387 2208 5391 2240 2221 5379 2190 5415 2219 2182 5374
5561 2154 2326 5375 2208 5433 2239 2193 5354 2171 5387 2188 2188 5220
5301 2149 2238 5392 2264 5352 2258 2166 5360 2246 5409 2180 2225 5457
5502 2183 2219 5357 2289 5490 2196 2197 5313 2154 5380 2139 2159 5419
5346 2201 2188 5445 2180 5434 2200 2237 5492 2158 5384 2200 2224 5308
5355 2185 2233 5356 2180 5386 2256 2128 5434 2163 5477 2202 2192 5450
5276 2226 2170 5468 2166 5327 2202 2225 5435 2308 5435 2195 2236 5328
5341 2191 2175 5373 2316 5498 2200 2176 5363 2235 5421 2151 2167 5390
5432 2153 2188 5509 2108 5342 2153 2203 5428 2193 5355 2299 2257 5377
5220 2237 2231 5382 2225 5516 2184 2203 5371 2184 5438 2216 2162 5428
5346 2245 2228 5452 2202 5338 2176 2244 5406 2187 5392 2184 2238 5359
5445 2154 2145 5411 2206 5341 2203 2167 5405 2209 5414 2209 2187 5501
5282 2099 2192 5585 2208 5393 2163 2234 5499 2075 5402 2175 2210 5480
5324 2139 2151 5461 2207 5384 2204 2177 5387 2172 5422 2207 2206 5556
5369 2170 2105 5476 2204 5456 2121 2166 5475 2252 5441 2206 2160 5396
5295 2178 2207 5486 2165 5465 2176 2160 5428 2151 5487 2242 2193 5364
5409 2264 2225 5393 2225 5357 2086 2194 5337 2177 5419 2294 2131 5486
5295 2180 2199 5513 2144 5282 2189 2217 5502 2223 5512 2193 2153 5395
5482 2308 2213 5383 2235 5388 2169 2197 5451 2056 5460 2115 2204 5336
5379 2235 2246 5342 2291 5415 2165 2256 5370 2234 5330 2133 2156 5445
5345 2222 2104 5427 2103 5375 2284 2147 5405 2279 5548 2141 2239 5378
5470 2295 2276 5356 2155 5381 2158 2180 5447 2180 5476 2205 2153 5265
5426 2242 2178 5427 2203 5319 2175 2260 5392 2191 5413 2167 2170 5434
5510 2210 2107 5437 2190 5280 2211 2177 5477 2205 5420 2138 2260 5375
5489 2199 2202 5352 2243 5527 2192 2144 5445 2170 5431 2117 2167 5319
5301 2105 2105 5496 2180 5486 2205 2226 5514 2263 5416 2173 2165 5362
5318 2220 2248 5375 2208 5327 2202 2186 5445 2284 5407 2140 2204 5433
5520 2162 2176 5322 2229 5482 2190 2190 5421 2216 5291 2140 2193 5465
5410 2184 2189 5436 2301 5406 2185 2248 5349 2199 5380 2151 2176 5383
5568 2260 2232 5364 2171 5252 2262 2265 5305 2209 5446 2138 2175 5350
5560 2180 2125 5410 2190 5350 2166 2089 5380 2178 5418 2262 2249 5440
5512 2262 2180 5400 2211 5426 2201 2199 5373 2119 5404 2170 2261 5279
