5441 2114 2118 5489 2209 5485 2138 2229 5400 2218 5373 2167 2139 5477
5499 2193 2199 5436 2229 5415 2149 2222 5453 2183 5380 2173 2177 5289
5342 2225 2254 5433 2136 5412 2211 2182 5351 2192 5378 2249 2310 5322
5500 2199 2165 5445 2136 5393 2205 2208 5380 2221 5412 2184 2229 5320
5465 2156 2193 5398 2266 5363 2216 2184 5299 2185 5331 2229 2255 5457
5397 2220 2212 5341 2240 5475 2218 2173 5293 2175 5429 2191 2176 5457
5282 2237 2100 5419 2157 5376 2174 2154 5401 2235 5442 2193 2235 5592
5342 2190 2190 5483 2235 5378 2158 2214 5404 2181 5418 2219 2199 5386
5473 2155 2236 5435 2186 5378 2216 2208 5363 2207 5419 2125 2180 5416
5282 2200 2206 5441 2157 5399 2144 2203 5556 2149 5423 2233 2159 5445
5452 2187 2191 5463 2187 5369 2186 2196 5337 2202 5425 2197 2214 5391
5283 2215 2198 5475 2194 5399 2169 2254 5377 2142 5389 2202 2216 5484
5325 2177 2226 5367 2226 5442 2273 2171 5412 2108 5466 2208 2179 5417
5250 2257 2188 5379 2140 5373 2185 2194 5432 2215 5377 2286 2251 5470
5476 2182 2235 5382 2219 5372 2210 2172 5347 2142 5419 2276 2182 5383
5471 2129 2244 5379 2197 5416 2258 2137 5394 2194 5398 2198 2232 5350
5405 2147 2201 5347 2104 5341 2235 2129 5548 2261 5436 2205 2165 5473
5274 2054 2099 5496 2123 5369 2246 2186 5553 2264 5413 2254 2196 5470
5446 2162 2180 5457 2182 5403 2162 2256 5431 2173 5385 2208 2139 5413
5473 2133 2177 5391 2169 5320 2191 2208 5456 2246 5304 2253 2204 5472
5403 2211 2297 5319 2162 5373 2262 2169 5338 2195 5425 2200 2197 5446
5229 2229 2240 5396 2234 5376 2205 2200 5494 2195 5418 2206 2211 5364
5518 2246 2211 5427 2178 5490 2145 2250 5368 2128 5367 2161 2200 5308
5454 2185 2173 5341 2141 5383 2218 2141 5515 2263 5396 2196 2208 5383
5464 2214 2140 5456 2326 5473 2189 2280 5249 2264 5407 2123 2172 5240
5405 2234 2162 5427 2279 5435 2168 2265 5334 2114 5363 2189 2202 5420
5412 2213 2214 5441 2148 5424 2139 2205 5414 2194 5384 2242 2204 5363
5314 2270 2275 5367 2199 5384 2152 2208 5399 2202 5373 2208 2207 5439
5327 2255 2223 5296 2225 5387 2250 2206 5465 2235 5383 2112 2212 5421
5467 2152 2185 5477 2210 5511 2125 2256 5410 2171 5339 2164 2158 5372
5460 2219 2198 5388 2212 5520 2198 2189 5413 2235 5389 2143 2227 5206
5550 2118 2137 5456 2167 5487 2209 2219 5323 2193 5402 2202 2162 5372
5442 2157 2188 5441 2188 5512 2199 2151 5285 2180 5508 2215 2137 5394
5558 2206 2230 5320 2165 5382 2272 2190 5262 2176 5374 2197 2234 5431
5300 2197 2176 5444 2175 5442 2198 2180 5311 2215 5455 2200 2205 5499
5335 2093 2140 5457 2183 5431 2256 2132 5417 2250 5466 2147 2208 5482
5166 2201 2208 5393 2193 5514 2194 2180 5540 2158 5380 2197 2229 5444
5494 2264 2229 5392 2156 5477 2123 2180 5340 2192 5416 2142 2184 5408
5613 2170 2205 5389 2174 5329 2251 2199 5372 2166 5383 2194 2228 5324
5437 2216 2224 5324 2239 5321 2289 2219 5394 2202 5311 2152 2300 5369
